11 11
0 14 23 4
7 23 8 0
11 0 19 10
7 11 16 8
22 8 9 17
1 6 13 18
3 18 8 18
11 10 6 3
23 15 3 21
0 14 14 0
23 9 0 21
7 18 4 17
4 1 21 0
14 21 15 12
11 20 5 10
0 12 13 13
4 16 23 19
17 14 0 6
1 11 6 2
0 11 4 1
18 20 7 0
2 11 19 14
7 11 7 0
5 19 20 23
10 6 22 6
1 1 4 5
6 9 0 7
11 0 22 1
21 16 19 14
22 18 9 3
18 9 6 16
7 22 12 11
12 18 13 21
5 16 10 9
17 7 1 19
17 10 17 15
11 2 4 6
23 10 3 13
0 7 13 11
0 8 12 6
11 3 0 8
2 10 3 17
3 13 5 5
7 15 19 13
6 23 3 3
1 10 19 23
8 20 8 23
13 16 20 1
11 15 8 20
21 15 13 3
0 6 17 14
11 6 18 19
8 5 20 21
6 2 15 6
1 17 18 21
0 0 9 18
4 22 10 3
11 20 4 15
5 17 15 19
13 12 10 4
12 10 13 11
4 10 11 17
5 6 10 18
4 18 18 13
15 1 14 13
3 8 0 22
17 15 9 13
3 6 20 13
5 20 10 13
22 0 13 2
20 9 4 3
5 17 16 3
5 16 16 22
13 7 20 7
3 6 12 0
7 23 12 13
9 7 21 14
6 20 14 4
0 15 15 13
5 6 11 18
4 23 11 8
13 1 21 0
17 7 0 11
18 13 11 22
5 13 1 18
12 0 23 16
16 8 0 14
8 13 3 2
15 23 13 19
21 9 22 0
23 0 1 6
9 21 18 22
20 23 9 7
11 10 4 5
11 6 19 0
11 0 5 15
16 21 15 17
1 0 12 9
0 0 11 5
22 23 15 9
19 12 10 1
1 19 16 21
15 20 10 19
12 6 16 19
6 6 6 0
6 4 13 3
0 8 3 19
10 19 8 8
15 0 20 15
7 0 1 11
21 17 2 21
6 0 9 5
21 10 19 2
20 8 10 10
1 16 2 23
0 2 4 20
16 17 5 17
13 5 11 12
6 15 6 22
0 22 15 22
19 2 0 0
