10 10
17 22 14 13
19 10 16 13
11 16 8 6
0 22 18 0
19 11 0 11
2 19 2 2
3 3 22 12
2 15 10 18
3 7 7 13
7 21 16 18
5 6 6 15
20 13 23 23
0 4 16 11
0 9 6 11
17 17 8 11
1 23 16 18
6 20 7 16
20 8 22 5
18 21 6 17
14 4 23 0
9 16 10 13
0 10 4 5
14 0 5 10
7 10 5 14
12 10 5 20
2 6 12 6
19 8 21 20
3 1 15 20
11 0 8 11
0 20 19 7
6 19 2 21
23 6 9 0
17 11 13 15
6 19 0 22
14 10 10 1
19 22 2 0
0 14 3 6
17 22 6 20
19 20 0 17
21 8 18 23
10 21 7 6
22 8 11 10
4 17 12 5
16 22 8 0
13 17 23 14
10 9 12 17
22 0 16 4
20 22 7 6
7 22 0 0
4 7 3 8
10 4 22 1
23 8 18 22
20 18 20 15
10 2 1 18
22 1 2 1
10 11 6 5
5 17 1 23
20 20 11 6
10 8 10 5
12 11 1 12
21 1 3 21
14 0 9 1
12 6 5 23
19 9 0 2
3 6 23 21
5 3 17 0
1 16 0 11
3 10 0 20
1 11 15 9
17 19 0 0
23 19 22 18
2 16 0 19
2 0 10 1
3 14 0 2
4 21 7 10
5 17 21 19
18 0 8 13
20 0 11 6
8 1 1 21
0 16 15 19
3 7 18 18
11 10 16 0
23 7 8 16
18 1 10 2
0 0 18 14
20 2 21 10
19 20 8 0
15 4 3 9
21 7 1 21
2 23 10 15
10 0 18 10
23 22 22 22
5 17 14 8
14 22 17 0
3 16 23 2
5 0 6 22
14 4 0 14
18 7 16 22
11 5 21 15
7 6 2 18
