12 12
16 2 6 5
21 8 19 20
2 2 1 22
17 0 12 19
7 21 18 6
0 12 12 14
18 12 15 7
20 4 23 8
2 20 8 16
19 0 0 23
17 14 0 2
21 17 10 13
11 21 13 10
21 18 7 1
7 2 10 17
21 8 9 3
1 11 5 4
16 22 14 11
14 11 3 23
0 2 18 2
23 8 23 4
23 9 17 6
4 20 20 12
2 0 8 19
7 21 1 17
5 7 22 19
0 21 7 22
10 9 9 9
0 23 20 14
8 8 14 10
4 0 3 4
14 7 18 4
4 4 16 4
13 21 4 8
4 21 12 14
18 10 4 9
12 15 1 21
23 0 13 23
0 4 21 14
10 4 7 4
15 4 19 9
0 20 5 3
14 18 18 8
9 3 2 15
23 13 0 4
20 23 18 7
11 3 15 17
18 4 20 4
0 16 3 0
15 1 9 1
4 22 14 15
1 18 0 19
3 3 10 12
5 8 10 14
14 0 16 10
21 5 12 11
4 10 15 21
0 4 19 7
4 10 10 23
10 21 15 20
1 5 5 3
4 4 20 4
2 7 0 8
9 9 19 23
4 5 23 18
2 6 12 0
17 6 4 5
17 5 14 3
14 15 2 14
16 0 4 15
12 17 23 19
8 14 4 5
0 17 6 19
3 12 13 11
2 13 1 19
14 14 10 17
23 17 5 14
3 19 16 7
7 5 12 0
15 8 0 9
0 13 5 16
5 6 19 23
8 16 13 0
0 14 1 18
12 0 7 4
23 6 7 18
23 13 6 18
12 8 0 5
12 15 17 14
17 4 5 6
4 0 17 15
12 23 13 0
13 20 9 7
4 1 18 11
8 11 7 21
0 8 6 17
4 23 4 20
20 4 12 21
18 5 18 0
6 16 21 14
11 2 6 17
9 20 4 15
0 22 5 4
21 12 21 16
21 10 4 14
12 15 8 23
16 12 0 18
13 15 6 6
5 4 13 13
10 19 12 12
9 8 19 5
10 19 21 5
14 11 8 0
8 2 0 6
4 22 23 16
21 11 9 8
7 17 15 8
4 0 18 19
20 0 12 4
19 14 23 4
20 17 5 3
14 7 8 11
3 18 20 1
19 5 5 19
15 7 20 15
7 1 19 23
14 15 4 15
1 6 8 23
13 14 23 9
13 18 5 0
1 1 14 7
3 18 9 0
4 2 5 2
4 11 19 23
20 4 9 13
14 8 23 10
8 7 8 18
23 21 0 14
7 7 7 23
0 0 14 8
7 14 14 1
0 0 14 6
14 14 9 10
19 22 23 0
